ΟΤΤΟ Ι. 83

9133933 3133133333, so dass sich (1333311311 der 1133313133331133 33111331393133933133333-
31193 1131131313339133331333133. 83933 313 1133393333331333 fiir 3313 11133133 bestimmten
DO. 25 halle 31313 1131133 333333 3133133. 0139131313 33 3333331133 claraus 33313 DO. 26
33133131), 13333131133331313 313313 333 um 33933131131313133111333113131339. 1133113133313131313 1133
5 3331 33 dre 3333133311 3311333333 8313331133 3131331 31333 Κ33313193333331. 1133111313 1333131313
(13 3133 sichero (1333331333333131333. 313313 3331333133 333133313311313333 13331333 313193 333
me 333 da ans, so 31333 sich 13ιῖ 111333 1311911313 333 3133 Art 3133113113119339 auf Ζ393133319-
heic 333 11333131 3313133333 111331. Ich 13313 1333 133333 zu¹ 1333331333 dass 3311 Brun (113 31313113- ’
11331339331331333331133333113131333333133139333313133 13391933 3333 3331 welto»- 93111 313
10 filmer, so dass 337313 3131333113 S. 38 1333133133 33133133913333 31319333. 113133 33131333 Um-
31333133 1333131313 nichtjedes 1131311 mit 91313133 8131331311[3313131133. 133 9333313333 31333133
131331 sich 33333131 iiber 3133 2311933311 (133 1113131113 in (113 11333131 3331 iiber (133 11333133131113.
171313 1131333 333933, 33333313313333331 3331331133313133 1133331333 133133, 333 33333113
1333339333933 3333133 3313. Koch 3333113133131333133113313 cler 113333331339(1333333333
13 11131333331331133333, 313 3333331133 113331333333333 33 11333113331331331133, 33333313333311333
33333 83133133, 33311 iiber 3113 231131339333331131333 11311311193391333333313133133333. Die
[31933313331393133 33333113 DD. 33 313333 113331311339 (113 3133331333 Ρ3333333 131133119131331,
beanspruehen also 333333313333313 1131319133. - Als 8313311333 33133 Brun 133333 ich 333
3133 0319133133 ΒΑ. (DDO. 35-161), RB. (DDO. 36 ῌ1113), BC. (DDO. 50-178), BD.
20 (DDO. 74--131)‚ BE. (DDO. 105-255)‚ BF. (DDO. 113-178)‚ BG. (DDO. 113-229
3331 0. ΙΙ. 13331 3), 019331 (11110.1()3-198), 1111913131 (DDO. 137 448). 1331333 3311 951
die 1131333313313333 3333933331333 3333313191 3333133, 133333 3133113 1133333 3133 3331 1313-
1331333333 3331 33131333 3331333911313 31333 ΒΑ. 11313311 13333. 11131133133133333 313 Ι1333-
9333333133 33133 Brun 3333133131, 3113313333, 13333 3331113311, 333 313333 3133 3133 3331
35 313333313333313133 333 3313313 Bel-BG. 13333131333133 11333333 3133113313 3313 3339. Nur
iiber Lintolf 31331 3313, da 33 3931133 11333133 warde, 31333 3313333133. Betreffs (133 3331333
1333 ich 1333131333 113333311333933 111333 113311331331111333333. 831333 8933313 nach 31331 11119-
[331313 11Υᾶ1331333 9333333 sein.. BO-BG- (1393933, 3331313 3331331311 9333313331331111313
33131133, sich 13 33333133 Ρ33113313331333, 1333919 1-3 3133 33133 333 31393131339331133133
30 3331 31313 1133339313 fiir das 11133131313133 3133311131 3313311933, 3313333 13 1133131333933 33 3113-
3333 safra 9331333133 133133, 335933 sie 31331 1331 (133333 1133331339 333 1311313933, 31333 33313
0193313313133333, 3331833333 9313333333 oder 333 3133313 die 113933133933 33333313-
31333193933933 3313, 3313133 (1333313 (133 9133313113 333 S. 1113313313 31393333313313 Anno
1311313, (31319333 33333 313[333133113133131 313131 3333331313 3331333131, 33331333 auch,
35 313 313 313131 31313 1139133133 des 113133 33333, 333 9331393 F 3333131113 3331333333313331
1133 113331311331331333 9333 3313331. 113313 die Β31333Ι3339 (1331131313 131331 333 auf dic
Maydebmyer 1133133 3333313. 313313 DO. 37 13313 ich 13133 Spar 333133 von der Τ1311ἱ91ι311
33313 333 31333 81113 (133 33133 Poppo (11333331331131333. 11393933 3333313133 sloh 3113 11133333
33313133 33133 Brun 33333931333133 1513311333 9333333333, sehon 333 910 1333311333. Gleich
. 40D0.14 [33 ,1139131339 ist DO. 31 133311331333 (133313 31331133131119333113333113131331133
931333331313331, 3313133 13 313133 der 33133 Bru-n 3331333133 Ρ33339133 333133131333. 311133-
311393 31331 019331 3331 1119133131391313133333133313333 3311311133119 3331 1393313333 F 111133
31331 33 33313 ΒΑ. 3331Β11. Wenn aber 13131333, wie 1313119 9333133131, 313 1313333 I 3933333133
33333331313333133, 331933 die 113333 9311313333 0333913 313193 1333333113313311 mit DDO.
45 14, 31 33313331393333333 3ιὶ1 3133 333 ΒΟ-1111, 93331331313333111). (1333313333 ist 31133
3113333 333331133333933 dass 313 33113313 333 (1333333333 3331 (133331313193(13331133113·-
33313 3331 noch 3313 333 (1333313333113 33 1133133 333111133133933 3133313133, 3331 (11333
[33333 331333113391331 333 33113333 113193 (1333 die 31331333 8133133 13313 91313133 1139333933
doch 3333319131119 3333133333. 1113333133 33131333 1133313333313311 3331333313 [1191131333 313
50 31333 31333133 Person 31333(13333133313311333 11333333 91331333 8313313 3333133133, 3331313
ll*

 

