166 KAISERURKUNDEN.

Data xvnn. kal. feb. anno dominice incarnationis Dccccxbvll‚ indictione 111,
regnante piissimo rege Ottone anno 2113 actum Franeonefum in domino feliciter amen.

85.

Otto 1111111191 111111 11111111111111111111 1111111111, 11111 8111111111111111111 elie 1111-

111111111. 1111111111 947 111-1111111 15. 5

1119111111111111111111111111111119 11111. 8111111111111 11 1111111111 ( ).

1111119 1111. 181, 326 103 ees Abselwe'st. - 0119. (1111111. 4, 389 1111111111119. -
11111111) 11 Τ1111 11111911111121, 21 1921111111. - 11111111111Ν11111111111. 11111, 54
1109711111 Α z 1111111 (111111. een 1111111247 10 3. - Fece. 11 81111111 11111111. 3,
1111. 17. - 811111111119. 145, - 8111111111 1119. 141. “ 10

111111111Ι 1111111 11111111111111111 BB. 91111111111, 111 11111 1111 11111111111, 1111111
11111111, 1111 1111191111 11 11111111911111 8111111 91111111Η1111. 1111111111 also 1111 111
11111111, 1111111111111 1111111 11111Ν1111111 111119119111911111111111 war, 1111 11111111· 11111-
1111111 111111 11111111011111911 1111 111111111111111111111111 11111911, so dass 1111 1111111111 1111
1111111 1111 1111111111 1111111 1111111 11111 111111 11111 1111111111 11111. 0111ζεί1 Ρ119111111111111115
11111111 BB. 911111111111111 1311911191 111 11 1111111111 1111111111 9111111111 11111 1111 111
1191111111111911 Α1111111911119 111111 1111111911 111111111111 11111111. 11111 1111111111 (1111111111
11111111 1111 111 1111111 1111111119. Ζ111111111 111111 11 1111111 1111111 8111191119 1111-
91111119, 111181. 6 1111111 0111 Ι. 11111111 11111 J. 972, 11111111 11111111111811111111
11111 J. 973 bis 983 1111911111111 111111111111111111111111111 91111111111111111111111111111111
1111. 81111119111119. 597 111-1911111111 91111111 11111, 11 1111111111 111811111111111111
1111111111111). 1111111 1111111, 1111111111111111. 1, 284 1111111 11111111191 111 1111 11111111
11111111, als 1111111181119111 1111 111111119111118111191119 1119111111111111111 1111111. Now
11111911 11111 11 (1. 1111111 Β1111. 1, 228)11111111 1111 111119 1111111 1111111111111111 111111
111111 (1.1. 111191111111111111111111111 11111111 1111111111111111111 111111; 11111 1111111- 25
1111111111 werden 1111 1111111111 111111111111111911111111 111111111191111111. 1111111 1111111111 dass
1111111 111 1111111119 1111111111 81111111 11119111, 1. 1. 119111 11111118111111 111111 11111
111111111111111 111 1111 1111111 1111111, so 11111 111111111111111111 111111111111111111111111111111
1111111111 1111111111. 11111111 111111 941 (11111. 011111118811731) 111111 1111 11111111-
11111111111111111111111 11111, 11111111 11111111 111 D. 11111111111111111 11111111. 11191131
1111 Η11119111111111, 91111111919111 1111111111111191111 11111119119111 (s. Do. 24) 1119111
111111 1111111111, 111 11111111111911111111111 1111111111111111 11191111191111111111 11111111,
welches 1111 1111911111111111 1111111111 11111111 111. 811111111111111191 111111118111111111
1111 1111111111 11111 111111 1111111111 [11181111 111 (111111 111111. 11111 111111 8111111 111111
1111111111 1111111 Ρ11111111111, 11111111111111111111111111 11111911111111111111111 11111. 11135
11111111 1199111111 1111111 111111119111181111111191111111111 1119111111 1111111; das Ver-
111111111111111 11111 111111 111-11 111111111111111111 111111 11111 1111 Η11111111 (1. 1111111111Ῑῖ
111 81111111 111-1111111111 183 110 69) 11911111191; 1111 Wort dieser 81111 111 1111111119 11111
die 1111111111111111 111011111111111 111 111111811111 will 1111111 11111911. 1111111119 111
1111111 1111 111 11111111111119 111-11· 1191111111111111111111111119 1111 1111 [11111111 2111111- 40
91111111111111111119 1111111111111911119 1111111 11111 Ρ111111Ν11111α111. 11111111 111 1111111 aus
1111 1-191111111111111111 111111111111111111111111119111111111 11111 1111111111111111111-11 11111111
1111111111 111111111111 9111111111, 11111 1111111 1111111 1111 1111911 1119111111 11111. 1111114111-
1111111119 111 (111111111111111111111 11111 1111 ’1119111111 werden 1111111111 111 1111111111 11
111111 111191111191111111 1111111111 11111111. 11111111 1111111111111111 aber, 11111111 1111111 11111111
111111 11111111 01191111111111911 11111191 1111, 11111111 11111111 11111 11111111111111111111111111119

 

