86 KAISERURKUNDEN.

11111113 31111111 11111111 11111 11111 1111111 111911111911 111111 11111 11111111 Β111 nach 11111111
1119111111 11 1111111. 1111111 1111111 110. 136 11111111111 1111111113111111 111111 91311111111111 111111
11111111113111111111111·311111 9111111111 11191111 111111 Kanrlri 1119111111111, 31 131 doch
111111111111111111111191111111191111 11111111 1111 [1111111 91111111 11111111. 11111 DD. 1111
1111131111111119111911 31111 ja 111 11191111111111111111, 111111111- 111111 1111111111111111 1161191 11135
11131111 [11911. 11111131131131111111 111111 11 1111·11311111911911 111111111111111111 1113 111111-
1111111 11110137 1111111111113111111911111. 11133 111 1113 1111111111 611111 111 Do. 136 der
1113111111 Β1111191111311, 111111 111 11110138, 115 111611111311111 1111111111ηά 1111111331
911111111111111111,1111111111111111 11111 9111133111111113111111111111111111 1111 Spita-err 1111 1111111111-
3111111 01131111111111, 1191111111 11111· 11111 111331311111111119111191111311 111·1111111-1331 1111111 91- 10
1111111111 131. 1113 913111111 1131 1130111 1111 J. 962 1111111111111311111111111111 1191111. 1111
111111111111311191111111111Μ’. 1111111111111. 1111 113111 1111119111 fiir 11111111131111111311111-11111 111111
1111111111911311 111113 111111111311111111 11111111 11111. 11111111 111111111111111111111111191119 111111·
11111111111111111111911111111111 1113111191 91111311, so 1111119 31131111 111111 1111· 111111111111111.
110. 2311 131 11111113111111111111111111 111111111311111111111111111119111111911131111. 11111· 111111- 15
31113 11111 11111110. 213 111 1111111113 11111111111111111111111 11111111111131113 111111 in 1111
1131111 113111119119 1011 110. 211 1111111111 113Ε111191111111 9111111111, 31 1111331111· 1511111111111·
1111111111, 1111111111111311111 1111111 1111 1111111111, 1111131 111 110. 212 11111111. 111111 1131111111
111111111311111111111 111 3111111111111111111). 111111111111111113 110. 271. 111111 111111 110. 215
31111111 111111 1111111111 1111911·1111111111111911113311 11111111 1111911111, 31 1311113 1111111 111111· 1ο
111111311111113111111 11111111111111111 111111· [1111111111 1111 1111 111111111119119. 111111-111111111· 131
(11331111 81111311191111 1111 110. 271 11111111· 11111 1111111111 1113111131111111111111131111111131. 111-
111· 1111 111131 1111191111111 111 11111111 1113111111, 11133 1111 1111111311111133111111111. LF. 1111 9111111
1111 1111 1111111119 1111 111111113111111 11111111 111111131 iiber: 11119311131111111111 111111111111311111-
911191111111113111111111 11111 110. 236 111111 1111111111 91111111, 11919111 31111 11111 1111. [1111111111 25
91111111. 1111 1131111111 91 11111111111111111111111111111, 11911111 1131111 3111111111 1113111111-
1111111 1111 111111113111111 1111111111 1111, 1111 111111111 1111131911· 81111111, 111 11111111. Im Laude
11131111111113 1111111119111311111 1111191111 91119111111 11111113111111111 1111111111 Ρ11111111
11111111 1111111 0111111111 11111119113313111131111111, 111111111111111113111111111111111 als 1111 111
111113111111111 rur Arrshr'r'ls'e 111191119111111111111111 1111311111. So 1133111 31111 1111111 J. 11621113 30
1161 11111 It. 1.-11. 0. 1133111119111111111111111111111. 11111131111119111111111111 110. 276
11. Α. den Κ113111111111111Α19111; doch 111111 11 1111111 1111 111131 1119111111111111111111111 1111-
11111911111111 31111. 11111111 111111 111131111111111111111111111111311111111111116111911 Art-s 11111
111113111111111111111111 0111 11 111113111111111111111111, 13111111 D. 1111 11111111 bekannt 111111
113 31111111 111111111111113911111111 110129. So 131 [11911111 ob 11113111111111111311111111111111 35
1111 11111111 111311111111111113111111111 11 1111111111 11111111. 1111111 111111 31111 1111 1111111 111191,
ob der 962 fiir 1111111 111311111111111111111119111111111111663 1111111111111111311111 1111111111·
9111111111 1111111311 111111611111 131 11111 111111. Da bis 111111113911911113 «111111111111113
119111113319 11119111111111113 1111111111111111111111111111111111, so 1131111111 1111111111 (lass
01111 Ι. 1111 J. 162 1113311111111111111111311111111111111911111111111311111; 1111111 111111111111111· 1111- 1ο
11111 11111111 13 3111, 111111113111111911 1111 1111311111 91111311 1111 1111111111111111 11111111· 111
11111311111111 1119131111 1111111111 111111. 0111131111111111111111111111111 1111111111111113 11111911,
3111911113-11111111110.271 1111911111 113119 111 11311 1111911· 1119 9131111111 11111111111133111
11111111 3111, 113 der 1111113111 111111111111119111191191111111131111111 11113Ρ11111111111 111-
1111111 91111111· 11111 111111. B. 113 61111111111111Η11111 111111 1111119111 1111111 113111111111111, 45
11111111113111111111111111111111 war, 11113311 1111111Ι 113111119111311111 1111111111. — Jeden.
[11113 11111, 1130111 wieder 11111 11111111 119, 111111111191111111111111111 1113111111. Da 31111
111111 111111 1111111311 1111111, 111111111111113111111111 Parma 111111111111111111111111111 11-
11111111, 1111111 31111111 11111113 111391391111111 111111 1113111131 11111111 111111111111111111131111111111
11131111133111 9111111111 3111311111. 11111 11111111· 11111· 11111·111.11111113·1113 11311111, 1111 1119131111- 50

 

