3363 1. 333. ’

261.

2411. Otto 1333666636 dem Κ633636 S. Pietro 66 06313 d' 363 zu Pavia 3636 Hos
Alpepe'aeea eowie 3163 andern Β33663336336 36331 Β3366366636 666 1633666636 666
36363636 663 1663666666, dae 161361- 6631 3633163663666363633136. '

3 3366 336 April 9. ¹

066366316636366 666 6. 866663363666 eu 11366366 (Α).

Ρ36636663 036366336666 hese. 6663666666 292 336663363666636 aus 03363. - 6666336 Aeta
6636. 301 6ο 213 363 Α. - CD. 636336. 1126 61 654 663 Α. - 86663616333951.

2411. Otto 6336666636 6363331636 11633636 die H‘o’fe 3163336363 , 1661363333, 063-
10 seiano sowie alle 366366 Β3366366336 und Β3366366636 666 6336666636 ihm 36363636
663 1636666666, dee 161366- 6636 663 [6336663663366. Pavia 962 6336 9.

066366366636366 666 6. 8633633636ιὶ6 36 11366366 (B).
OD. 166336. 1129 eit. 66 636 4666366663 eu DO. 2411.

Voee 6663636 6666363636 666 dee 336366631163363663666636 6636 63633663 116336666636 66
163666366· 1) D. Η6333 vom J. 929 (Β666636 1633. Kar. 1383) 66 33336 66363666366336,
33663636 66333636 636113666663 66663663 636 66363636 113366663633 ete (166663 66336,
2) DO. 2411, 3) 633336 163636366663663 DO. 2411, 4) 110. 273, 6) D. 066311. 3363
J. 973 (3666361633, 724). 166633 663336 0663663363 3666 3366 666 3636 3636 66 636
66636 3633666666663636 1636636 6333666636, 666 66 fiir Η363636636ι3 636 13663 333636 663
6663663636 033636 666 663 6663666636 6366366636 Γ6633666336 66311110. 469, 461 eea.
6336 3636 3366363 (13666633663636 663 663 1136636611. 9663636 16331927 3636363636,
6333363636 666 14666636 636 DDO. 2411 666 273 366633 16631336 336 66366 666 andere
666 dem 3166636336 3636666636. Besehaffenheit 666 2636666 636 33336 66363636 DD. 36-
33663636 33 3636 eu 6336666636 63636366 636 66636 663 1136366666 36636666. 6666633663
r 336666 1602411 6336163666 666 163333666636 eum 9. April 962, 36666366 3636636636
33336 366366 66663636 666 33336 66336 6333 363 66 663 vom 4333636 962 663 December 964
636363663113636363366363 633 1666336 fallen. De'e 16366666336366336 636 110. 2411 66336
3636 66636636 mit der 163333666636 66366 66 16666363 6666336 666 6366 666 63666 33636636
werden 6333 363 363 3636363636 4636363663 66 663 363663 6666636336363636 636, 36363133
66366 666 663 463363666333366 663336 6336366. 6666633663 636 336 636 116666663 336
DO. 273, 636 636 1616636366 6366336363 6336 663 36363 66366 63336 6366363, 366 663663 mehr
36631636, 666 3636 6631633666663 6366633663 363 1166666366336363666366 [666 666363 ’
Ζ366633663663663 6366366636, 63 dieser Bisehof 636 6666636 anseres Wissens damele 363636
3336337636 633 11363363 636. So 66336 3636 633 3366663633 7366666633 336 1192411 eu
DO. 273 6663636363 aue dem 1663663 663336 DD. 3666366636. - 11110. 2411 666 2411
3666 33336663636 666 wohl 3636 6636666 636 366363 1636363, 636 6666666336 66 Β666636
1633. Kar. 1425 eom J. 948 663636636636. See 3666 0366666663636 666 3636633636 [16663633
666 36363636 sar 36633663 163366366336. In 636 1136363363 3336663 636 Dictator 66 DO. 2411,
wie 636 Ρ366666636 33636, 633 D. 116333 6636366636. Hie 666 63 6666663 36 336336 so 66-
33336666 6333 36633663 Scitne 636 DO. 2411 666 durch 663 636 mir 66 636 113636 33636363
7636636663 6666 636 VU. 3636666636 werden. 636 636 6636 8636636 66 63636 66336 D.
6636 663 6366333 6666633366, 63636 wir 663 aes Paeone 6336366363 66636 663 1633 66
633336. Mache 33636 663 663336 Passus 36336663333663 66636366636663 636 16666636 6333
6636 3663 1666366666663 366336336636 336, 33 633336 DO. 2411 363666366636 6333 33 3636
Kainorurkundon. 1. 43

 

